  WAVE    TRANS
------ --------
4902.0 0.002605
4904.0 0.026525
4906.0 0.018104
4908.0 0.020623
4910.0 0.002572
4912.0  0.03651
4914.0 0.081645
4916.0 0.035367
4918.0 0.004616
4920.0 0.036266
4922.0 0.040981
4924.0 0.023868
4926.0  0.04192
4928.0  0.01011
4930.0 0.002542
4932.0 0.000504
4934.0 0.026221
4936.0 0.026121
4938.0 0.034076
4940.0 0.010527
4942.0 0.008017
4944.0 0.051864
4946.0 0.007953
4948.0  0.05223
4950.0 0.002477
4952.0 0.029719
4954.0 0.025645
4956.0 0.003952
4958.0 0.006404
4960.0 0.006365
4962.0 0.025937
4964.0 0.007827
4966.0 0.002444
4968.0 0.029032
4970.0 0.036469
4972.0 0.042765
4974.0  0.06207
4976.0 0.058222
4978.0 0.004344
4980.0 0.007716
4982.0 0.055855
4984.0 0.013499
4986.0 0.022959
4988.0 0.038142
4990.0 0.008106
4992.0  0.02812
4994.0 0.001898
4996.0 0.050834
4998.0 0.034428
5000.0 0.017084
5002.0 0.015166
5004.0 0.033858
5006.0  0.03248
5008.0 0.003298
5010.0 0.022889
5012.0 0.035076
5014.0 0.020157
5016.0 0.009796
5018.0 0.047852
5020.0 0.001858
5022.0 0.066576
5024.0 0.007885
5026.0 0.062433
5028.0 0.048052
5030.0 0.000459
5032.0  0.04776
5034.0 0.006903
5036.0 0.016475
5038.0 0.027503
5040.0 0.014606
5042.0 0.023796
5044.0 0.056125
5046.0 0.007269
5048.0  0.03604
5050.0 0.007272
5052.0 0.005442
5054.0 0.033986
5056.0 0.005417
5058.0 0.007685
5060.0 0.062553
5062.0      0.0
5064.0 0.005432
5066.0 0.028893
5068.0 0.007189
5070.0 0.007615
5072.0 0.042428
5074.0 0.039265
5076.0 0.001347
5078.0 0.010248
5080.0 0.026701
5082.0 0.009352
5084.0 0.047787
5086.0 0.040382
5088.0 0.054771
5090.0 0.022565
5092.0 0.034789
5094.0 0.044542
5096.0 0.009233
5098.0 0.035568
5100.0 0.033934
5102.0 0.037203
5104.0  0.01229
5106.0 0.044402
5108.0 0.004817
5110.0 0.001746
5112.0 0.005674
5114.0 0.018747
5116.0 0.016167
5118.0 0.003042
5120.0 0.052303
5122.0 0.055805
5124.0 0.012184
5126.0 0.005199
5128.0 0.018559
5130.0 0.067726
5132.0 0.049982
5134.0 0.012523
5136.0 0.024554
5138.0 0.048583
5140.0 0.049464
5142.0 0.064969
5144.0  0.04078
5146.0 0.010327
5148.0 0.001721
5150.0 0.027083
5152.0 0.013271
5154.0 0.035853
5156.0 0.036324
5158.0 0.045948
5160.0 0.015334
5162.0 0.013603
5164.0 0.037404
5166.0 0.028445
5168.0 0.013569
5170.0 0.061062
5172.0 0.018562
5174.0 0.035884
5176.0 0.045628
5178.0 0.050355
5180.0 0.036792
5182.0 0.007174
5184.0 0.066204
5186.0 0.038805
5188.0 0.104346
5190.0  0.08052
5192.0 0.056027
5194.0  0.04305
5196.0 0.055279
5198.0 0.132819
5200.0  0.07856
5202.0  0.12726
5204.0  0.07327
5206.0  0.10907
5208.0  0.16347
5210.0   0.1781
5212.0  0.16378
5214.0  0.14336
5216.0  0.11745
5218.0  0.16961
5220.0   0.2383
5222.0  0.24916
5224.0  0.23541
5226.0  0.28878
5228.0  0.29872
5230.0  0.38937
5232.0  0.40639
5234.0  0.41479
5236.0  0.47747
5238.0  0.55264
5240.0   0.6376
5242.0  0.70021
5244.0  0.73769
5246.0   0.8542
5248.0  0.87363
5250.0  1.04044
5252.0  1.16816
5254.0  1.35351
5256.0  1.52432
5258.0  1.75235
5260.0  2.03079
5262.0  2.33933
5264.0  2.68874
5266.0  3.10846
5268.0  3.59508
5270.0  4.18089
5272.0   4.8931
5274.0  5.68118
5276.0  6.61685
5278.0  7.77938
5280.0  9.21329
5282.0 10.79803
5284.0 12.62992
5286.0 14.82131
5288.0 17.36113
5290.0 20.16439
5292.0 23.59776
5294.0 27.43662
5296.0 31.71054
5298.0 36.11188
5300.0 41.15957
5302.0 46.68344
5304.0 51.99514
5306.0 57.74163
5308.0 63.45461
5310.0 68.83824
5312.0 73.79268
5314.0  78.0457
5316.0  81.6895
5318.0  85.6601
5320.0  88.3909
5322.0 90.98185
5324.0 93.07998
5326.0  94.3221
5328.0   95.797
5330.0  96.6294
5332.0  97.0345
5334.0  97.8404
5336.0  97.9854
5338.0  98.3054
5340.0  98.2176
5342.0  98.0805
5344.0  98.2206
5346.0  98.4473
5348.0  98.3445
5350.0  98.0389
5352.0  98.1639
5354.0  97.8108
5356.0  98.1365
5358.0  98.3505
5360.0  98.3554
5362.0  97.9975
5364.0  97.9919
5366.0  98.3075
5368.0  98.1667
5370.0  97.7419
5372.0  98.1486
5374.0  97.8301
5376.0  98.4444
5378.0  98.4429
5380.0   98.452
5382.0   98.036
5384.0  98.1632
5386.0  98.1981
5388.0  98.3432
5390.0  98.3701
5392.0  98.3511
5394.0  98.6191
5396.0  98.5023
5398.0  98.1036
5400.0  98.2366
5402.0   97.882
5404.0  98.5122
5406.0  98.0399
5408.0  98.5338
5410.0  98.4113
5412.0  98.2954
5414.0  98.4229
5416.0  98.5579
5418.0  98.5527
5420.0  98.6463
5422.0  97.8313
5424.0  98.0518
5426.0  98.2284
5428.0  98.2157
5430.0  98.4557
5432.0  98.2045
5434.0  97.9804
5436.0  97.6566
5438.0  97.7997
5440.0   98.248
5442.0  98.4435
5444.0   98.474
5446.0  98.4208
5448.0  98.0315
5450.0  98.1139
5452.0  98.2217
5454.0  98.4099
5456.0  97.5495
5458.0  98.6041
5460.0  98.5236
5462.0  98.2519
5464.0  98.5559
5466.0  98.5923
5468.0  98.2851
5470.0  97.7108
5472.0  98.1632
5474.0  98.2447
5476.0  97.3317
5478.0  97.6333
5480.0  97.2718
5482.0 96.27493
5484.0 95.66972
5486.0 94.63945
5488.0 93.31956
5490.0 91.87105
5492.0 89.77173
5494.0 87.76068
5496.0 84.99585
5498.0 81.93714
5500.0 79.24507
5502.0 75.72418
5504.0 71.35254
5506.0 67.31337
5508.0 62.89858
5510.0 58.30764
5512.0 53.46072
5514.0 48.79112
5516.0 43.92086
5518.0 39.40854
5520.0 34.92345
5522.0 30.90616
5524.0 27.07098
5526.0 23.63359
5528.0 20.78584
5530.0 18.15681
5532.0 15.73661
5534.0 13.70392
5536.0 11.97601
5538.0 10.54286
5540.0  9.22275
5542.0  8.03003
5544.0  7.03974
5546.0  6.22234
5548.0  5.48891
5550.0  4.86147
5552.0   4.2601
5554.0  3.77016
5556.0  3.36143
5558.0  2.93597
5560.0  2.61612
5562.0  2.36641
5564.0  2.05471
5566.0  1.85433
5568.0  1.67838
5570.0  1.47757
5572.0  1.35276
5574.0  1.18101
5576.0  1.09718
5578.0  0.93669
5580.0  0.84998
5582.0  0.76952
5584.0  0.65008
5586.0  0.63585
5588.0  0.55677
5590.0  0.53996
5592.0  0.47639
5594.0   0.4136
5596.0  0.37014
5598.0   0.3193
5600.0  0.31083
5602.0 0.269887
5604.0 0.318389
5606.0 0.220128
5608.0 0.231311
5610.0 0.214702
5612.0 0.242252
5614.0 0.169685
5616.0 0.171333
5618.0 0.164573
5620.0 0.145201
5622.0 0.157189
5624.0 0.154872
5626.0 0.139215
5628.0 0.116741
5630.0 0.075648
5632.0 0.107545
5634.0  0.10032
5636.0 0.089588
5638.0 0.063665
5640.0 0.042859
5642.0 0.072802
5644.0 0.074567
5646.0 0.022694
5648.0 0.052881
5650.0 0.011113
5652.0 0.025871
5654.0  0.02545
5656.0 0.020798
5658.0 0.014806
5660.0 0.021933
5662.0 0.044101
5664.0 0.038283
5666.0 0.023475
5668.0 0.013157
5670.0 0.020762
5672.0 0.056472
5674.0  0.02757
5676.0  0.04587
5678.0 0.012803
5680.0 0.034012
5682.0 0.036792
5684.0 0.039958
5686.0 0.011602
5688.0 0.056321
5690.0 0.039468
5692.0 0.048104
5694.0 0.002801
5696.0 0.023583
5698.0 0.057722
5700.0 0.006849
5702.0 0.015695
5704.0 0.016094
5706.0  0.00803
5708.0 0.016089
5710.0 0.016093
5712.0 0.043766
5714.0 0.002824
5716.0 0.004437
5718.0 0.006439
5720.0 0.041782
5722.0 0.003232
5724.0 0.000402
5726.0 0.038767
5728.0 0.040817
5730.0 0.008482
5732.0 0.001616
5734.0 0.038399
5736.0 0.027963
5738.0 0.015705
5740.0  0.03073
5742.0    0.015
5744.0 0.038919
5746.0  0.04503
5748.0 0.023935
5750.0 0.012548
5752.0 0.004867
5754.0 0.042492
5756.0 0.004891
5758.0 0.054967
5760.0 0.026026
5762.0 0.019914
5764.0 0.011409
5766.0 0.004908
5768.0 0.022806
5770.0 0.004898
5772.0 0.011888
5774.0  0.02243
5776.0 0.048546
5778.0 0.008176
5780.0 0.024911
5782.0 0.000407
5784.0 0.009846
5786.0  0.01678
5788.0 0.016445
5790.0  0.00656
5792.0 0.001644
5794.0 0.002876
5796.0 0.014752
5798.0  0.00617
5800.0 0.020982
5802.0 0.047268
5804.0 0.037943
5806.0 0.018104
5808.0 0.031087
5810.0 0.011539
5812.0 0.022721
5814.0  0.04128
5816.0 0.044688
5818.0 0.031936
5820.0 0.038457
5822.0 0.058028
5824.0 0.014532
5826.0 0.036499
5828.0 0.032914
5830.0 0.012054
5832.0 0.027019
5834.0  0.01326
5836.0 0.021226
5838.0 0.038814
5840.0 0.008355
5842.0 0.027101
5844.0 0.011685
5846.0  0.04504
5848.0 0.063988
5850.0  0.06654
5852.0 0.016695
5854.0 0.058171
5856.0  0.03344
5858.0 0.055039
5860.0 0.041383
5862.0 0.036884
5864.0 0.034857
5866.0 0.023051
5868.0 0.043652
5870.0  0.03038
5872.0 0.036985
5874.0  0.01132
5876.0  0.04676
5878.0 0.046586
5880.0 0.010142
5882.0      0.0
5884.0  0.00169
5886.0 0.027014
5888.0 0.005061
5890.0 0.052752
5892.0 0.001264
5894.0 0.051164
5896.0 0.003808
5898.0      0.0
